P: 30.9428571428571359547277097590267658233642578125
Q: 916.682142857142707725870423018932342529296875
